12 0.3140625 0.18984375 0.05703125 0.13984375
12 0.4140625 0.1890625 0.0546875 0.13515625
12 0.640625 0.19140625 0.0515625 0.140625
12 0.74296875 0.190625 0.05 0.13125
12 0.9234375 0.1890625 0.053125 0.1296875
15 0.0328125 0.32109375 0.03359375 0.140625
5 0.140625 0.28046875 0.03515625 0.14375
9 0.27265625 0.47890625 0.05234375 0.140625
9 0.16484375 0.4734375 0.05546875 0.14375
9 0.6046875 0.51484375 0.05234375 0.13359375
9 0.7828125 0.5171875 0.053125 0.140625
9 0.67421875 0.66484375 0.05 0.1328125
17 0.4921875 0.759375 0.05078125 0.1328125
3 0.18125 0.92734375 0.025 0.10390625
3 0.6015625 0.925 0.0265625 0.09140625