12 0.32109375 0.1890625 0.0609375 0.14453125
12 0.41796875 0.18828125 0.059375 0.1578125
9 0.2765625 0.4703125 0.06171875 0.15625
9 0.1703125 0.4765625 0.05546875 0.15234375
15 0.0421875 0.33203125 0.04609375 0.146875
9 0.6046875 0.5171875 0.0609375 0.1640625
15 0.49765625 0.7703125 0.05625 0.13046875
9 0.67421875 0.6796875 0.0609375 0.13125
12 0.64609375 0.190625 0.05859375 0.1515625
12 0.74453125 0.1890625 0.0609375 0.15234375
12 0.9265625 0.18984375 0.0578125 0.14921875
9 0.7875 0.5125 0.06171875 0.146875