5 0.33828125 0.16015625 0.03125 0.10546875
12 0.46875 0.34609375 0.0453125 0.115625
12 0.5734375 0.16640625 0.0421875 0.115625
12 0.7234375 0.1625 0.04453125 0.10703125
12 0.846875 0.34765625 0.0421875 0.11015625
15 0.03359375 0.1765625 0.0265625 0.1140625
15 0.15703125 0.73828125 0.02421875 0.1125
17 0.21171875 0.74375 0.03984375 0.10859375
17 0.284375 0.7390625 0.03828125 0.10859375
9 0.4375 0.753125 0.0421875 0.10859375
9 0.54296875 0.5390625 0.0421875 0.10546875
9 0.75625 0.5390625 0.04609375 0.10859375
9 0.64921875 0.75234375 0.040625 0.1125
9 0.87578125 0.7546875 0.04140625 0.11171875
3 0.6484375 0.94921875 0.025 0.0765625