15 0.0359375 0.1796875 0.0328125 0.11640625
15 0.1578125 0.740625 0.03203125 0.1109375
15 0.215625 0.73984375 0.04140625 0.109375
15 0.2859375 0.7484375 0.040625 0.125
12 0.4671875 0.3296875 0.046875 0.1140625
12 0.57578125 0.15625 0.04765625 0.121875
12 0.7265625 0.1578125 0.04765625 0.1296875
9 0.54453125 0.534375 0.046875 0.128125
9 0.75703125 0.53359375 0.0453125 0.1265625
9 0.4375 0.74296875 0.0453125 0.12734375
12 0.8453125 0.33359375 0.040625 0.1296875
9 0.878125 0.74765625 0.0453125 0.1328125
9 0.64921875 0.74140625 0.0421875 0.12421875
5 0.3375 0.15703125 0.028125 0.1109375