12 0.115625 0.16484375 0.03203125 0.0953125
12 0.41875 0.16484375 0.03359375 0.09140625
12 0.11640625 0.3796875 0.03203125 0.08828125
9 0.18671875 0.5578125 0.03125 0.0875
9 0.11640625 0.70625 0.03359375 0.09140625
9 0.41953125 0.70546875 0.0328125 0.096875
12 0.484375 0.1640625 0.0359375 0.0859375
15 0.603125 0.15 0.0203125 0.1046875
12 0.7375 0.15234375 0.034375 0.09609375
9 0.484375 0.7046875 0.0359375 0.090625
14 0.5046875 0.8546875 0.01953125 0.09140625
9 0.7390625 0.675 0.034375 0.09453125
9 0.8015625 0.67734375 0.03359375 0.09296875
9 0.90078125 0.678125 0.0328125 0.08984375
12 0.80234375 0.1515625 0.034375 0.0921875