12 0.26171875 0.225 0.0609375 0.09453125
12 0.40859375 0.2234375 0.0578125 0.1015625
12 0.57421875 0.22265625 0.05703125 0.08984375
12 0.4734375 0.36640625 0.05703125 0.090625
9 0.2625 0.60703125 0.0609375 0.08125
9 0.4734375 0.60859375 0.05390625 0.07734375
12 0.71640625 0.39765625 0.059375 0.08359375
9 0.71796875 0.57890625 0.06015625 0.0828125
9 0.2625 0.78671875 0.0546875 0.08359375
9 0.40859375 0.784375 0.0609375 0.07890625
9 0.55078125 0.7890625 0.05546875 0.07734375
12 0.26328125 0.371875 0.06015625 0.08671875