12 0.14140625 0.15078125 0.028125 0.09296875
12 0.24296875 0.19609375 0.02421875 0.08125
12 0.16875 0.396875 0.03046875 0.08515625
12 0.3859375 0.4 0.028125 0.0890625
12 0.5515625 0.1765625 0.02578125 0.08359375
12 0.5515625 0.353125 0.02734375 0.09140625
9 0.5515625 0.596875 0.02890625 0.07578125
12 0.68125 0.1796875 0.02890625 0.0796875
12 0.6796875 0.35234375 0.0296875 0.08671875
9 0.89140625 0.415625 0.028125 0.0859375
9 0.890625 0.56953125 0.0265625 0.078125
9 0.67890625 0.6 0.0296875 0.08359375
9 0.67890625 0.80625 0.0296875 0.08203125
9 0.55078125 0.80546875 0.02578125 0.08359375