12 0.09921875 0.25625 0.040625 0.19375
12 0.21328125 0.25703125 0.04296875 0.1953125
12 0.32890625 0.25703125 0.0421875 0.1921875
12 0.44375 0.25390625 0.04296875 0.1890625
9 0.0984375 0.7484375 0.0421875 0.1859375
9 0.21484375 0.75234375 0.040625 0.1828125
9 0.3296875 0.7515625 0.0390625 0.1953125
9 0.44375 0.753125 0.0421875 0.19140625
12 0.5578125 0.25390625 0.04296875 0.196875
12 0.67421875 0.25390625 0.04140625 0.1921875
9 0.5578125 0.75234375 0.04296875 0.19765625
9 0.67421875 0.7515625 0.0421875 0.19921875
7 0.828125 0.55859375 0.1546875 0.2453125