12 0.12890625 0.18046875 0.0375 0.1
12 0.22578125 0.18046875 0.03359375 0.09921875
12 0.33203125 0.18125 0.0375 0.10234375
12 0.41640625 0.18046875 0.03828125 0.0984375
12 0.50078125 0.18046875 0.0359375 0.09921875
12 0.27265625 0.3046875 0.03671875 0.09609375
12 0.128125 0.328125 0.0359375 0.09765625
12 0.5 0.3296875 0.0421875 0.10078125
9 0.12890625 0.62578125 0.03828125 0.0984375
9 0.271875 0.61015625 0.03515625 0.1
9 0.128125 0.77421875 0.0359375 0.096875
9 0.225 0.77265625 0.034375 0.09765625
9 0.3328125 0.775 0.0390625 0.10625
9 0.41640625 0.77421875 0.03984375 0.1046875
9 0.5015625 0.77421875 0.0421875 0.1046875
9 0.59765625 0.77578125 0.04140625 0.10390625
9 0.49921875 0.5546875 0.040625 0.10546875
9 0.79921875 0.725 0.03515625 0.1046875
9 0.89375 0.72578125 0.03984375 0.10234375
9 0.703125 0.575 0.0390625 0.09921875
9 0.703125 0.70078125 0.0375 0.09921875
12 0.70390625 0.425 0.03828125 0.0984375
9 0.70234375 0.82109375 0.040625 0.096875
12 0.59609375 0.18046875 0.03984375 0.10546875
12 0.70234375 0.17890625 0.0390625 0.1015625
12 0.79765625 0.178125 0.0421875 0.1046875
12 0.89453125 0.17890625 0.04140625 0.10390625
12 0.69609375 0.303125 0.053125 0.09296875