12 0.14609375 0.18125 0.03515625 0.10859375
12 0.30859375 0.18046875 0.0359375 0.10625
12 0.309375 0.40234375 0.0359375 0.103125
12 0.14609375 0.32734375 0.03359375 0.1125
12 0.14609375 0.478125 0.0359375 0.109375
12 0.421875 0.49140625 0.0359375 0.10703125
9 0.14609375 0.65078125 0.03671875 0.10546875
9 0.146875 0.79765625 0.03515625 0.10625
3 0.159375 0.94453125 0.015625 0.07109375
9 0.2484375 0.87265625 0.0375 0.109375
9 0.3828125 0.87421875 0.0375 0.11015625
3 0.2609375 0.94296875 0.01796875 0.06953125
9 0.42421875 0.6359375 0.0359375 0.1
9 0.309375 0.728125 0.0359375 0.1109375
12 0.553125 0.18203125 0.03671875 0.1125
12 0.675 0.17734375 0.03828125 0.1078125
12 0.7765625 0.17734375 0.0328125 0.10234375
12 0.5515625 0.44375 0.03671875 0.11171875
12 0.7765625 0.35546875 0.03671875 0.1078125
12 0.77578125 0.446875 0.0375 0.10546875
12 0.7765625 0.534375 0.03671875 0.11328125
16 0.56796875 0.1046875 0.04296875 0.07578125
16 0.6890625 0.10390625 0.04140625 0.0796875
16 0.78984375 0.10234375 0.040625 0.08046875
12 0.871875 0.5453125 0.03515625 0.10078125
9 0.871875 0.69765625 0.03515625 0.10859375
9 0.7765625 0.7109375 0.03671875 0.10703125
9 0.68203125 0.87109375 0.0359375 0.103125
9 0.77578125 0.8703125 0.03515625 0.10234375
9 0.871875 0.871875 0.03671875 0.1046875
3 0.6953125 0.94453125 0.01875 0.07109375
3 0.78984375 0.94609375 0.01640625 0.07890625
3 0.88515625 0.9453125 0.01796875 0.075
9 0.553125 0.69453125 0.03828125 0.10390625
9 0.55234375 0.78125 0.034375 0.10234375
9 0.553125 0.8734375 0.034375 0.11015625
16 0.321875 0.10390625 0.04375 0.08359375
16 0.1609375 0.1046875 0.04453125 0.0828125