14 0.33515625 0.58125 0.03984375 0.10546875
14 0.4921875 0.38515625 0.0328125 0.11015625
9 0.35703125 0.71796875 0.053125 0.11484375
9 0.490625 0.71328125 0.03828125 0.1046875
9 0.47421875 0.52734375 0.053125 0.10859375
9 0.6890625 0.5296875 0.053125 0.115625
14 0.66796875 0.37890625 0.02578125 0.10390625
9 0.5734375 0.71640625 0.05078125 0.109375
5 0.7484375 0.728125 0.04140625 0.11328125
3 0.590625 0.90625 0.03515625 0.07890625
3 0.3359375 0.9015625 0.0328125 0.0859375
15 0.8609375 0.38125 0.046875 0.10859375
3 0.86171875 0.5140625 0.0296875 0.08359375