15 0.45546875 0.13828125 0.08515625 0.10234375
12 0.6234375 0.35703125 0.078125 0.11953125
12 0.36328125 0.3546875 0.07109375 0.11171875
9 0.6828125 0.6421875 0.078125 0.10859375
14 0.89921875 0.48828125 0.034375 0.096875
9 0.3046875 0.640625 0.0859375 0.10625
5 0.51484375 0.8453125 0.05234375 0.0984375
17 0.16171875 0.79140625 0.0578125 0.08984375
17 0.04375 0.79375 0.0578125 0.090625
3 0.571875 0.04375 0.05625 0.06484375
3 0.91171875 0.58203125 0.06015625 0.06953125
3 0.52734375 0.94765625 0.06171875 0.0625
3 0.12578125 0.9015625 0.05078125 0.071875