12 0.36796875 0.1421875 0.04140625 0.09921875
12 0.43828125 0.1375 0.0390625 0.09765625
12 0.528125 0.13671875 0.046875 0.09921875
12 0.61796875 0.1390625 0.04765625 0.10078125
9 0.40234375 0.41015625 0.046875 0.10625
9 0.5625 0.4109375 0.04765625 0.103125
12 0.27890625 0.21875 0.04453125 0.10546875
12 0.71796875 0.2203125 0.046875 0.11015625
12 0.82421875 0.3421875 0.04609375 0.10625
9 0.825 0.50546875 0.05 0.10546875
9 0.7171875 0.55703125 0.04921875 0.1015625
9 0.7171875 0.66953125 0.04765625 0.1046875
9 0.2796875 0.5625 0.04609375 0.10546875
9 0.28046875 0.671875 0.04765625 0.1046875
9 0.16484375 0.7109375 0.0484375 0.10625
9 0.16328125 0.846875 0.04375 0.1
9 0.45703125 0.7125 0.04765625 0.10546875
9 0.45703125 0.84375 0.04921875 0.1015625