12 0.1546875 0.24140625 0.10546875 0.1453125
12 0.3890625 0.23515625 0.0984375 0.134375
12 0.6234375 0.22109375 0.10390625 0.140625
12 0.8765625 0.225 0.1 0.1375
9 0.6234375 0.43359375 0.10390625 0.14296875
2 0.8015625 0.47578125 0.0546875 0.12109375
9 0.38515625 0.4421875 0.0953125 0.125
2 0.19453125 0.4734375 0.05078125 0.12421875
16 0.54296875 0.059375 0.10703125 0.090625
9 0.31015625 0.62265625 0.1046875 0.13828125
9 0.70390625 0.62265625 0.1015625 0.1359375
3 0.80625 0.5625 0.04921875 0.09140625
9 0.4703125 0.8234375 0.09765625 0.12109375
3 0.1953125 0.56171875 0.046875 0.09609375