12 0.1953125 0.103125 0.0453125 0.0875
12 0.36015625 0.34609375 0.0421875 0.0890625
12 0.5453125 0.346875 0.0421875 0.0890625
12 0.44609375 0.44375 0.0421875 0.084375
9 0.19375 0.590625 0.04296875 0.0890625
2 0.24375 0.553125 0.01953125 0.0828125
9 0.52890625 0.56640625 0.06015625 0.06328125
9 0.59609375 0.565625 0.059375 0.06171875
9 0.5203125 0.68828125 0.04375 0.0875
9 0.4703125 0.8359375 0.04375 0.08515625
9 0.4703125 0.90859375 0.0421875 0.08203125
12 0.8390625 0.10390625 0.04296875 0.08828125
12 0.6890625 0.4453125 0.04296875 0.0875
9 0.60546875 0.6875 0.0421875 0.08203125
2 0.78046875 0.55390625 0.02421875 0.08515625
9 0.840625 0.5921875 0.04453125 0.08515625