15 0.03984375 0.24765625 0.0359375 0.1515625
15 0.16015625 0.2421875 0.03671875 0.14609375
15 0.10078125 0.4578125 0.03125 0.15390625
15 0.21953125 0.45390625 0.03828125 0.140625
15 0.34140625 0.4625 0.04140625 0.1578125
14 0.5953125 0.2 0.0328125 0.1484375
9 0.5703125 0.41484375 0.065625 0.13671875
14 0.86328125 0.19921875 0.040625 0.15078125
9 0.88359375 0.41484375 0.06484375 0.1484375
9 0.70625 0.75234375 0.06328125 0.1359375
15 0.5828125 0.84921875 0.03984375 0.1453125
3 0.340625 0.63046875 0.0328125 0.09375