9 0.309375 0.43203125 0.05546875 0.12734375
9 0.44296875 0.43203125 0.05703125 0.1234375
9 0.3078125 0.584375 0.05859375 0.121875
9 0.4421875 0.5890625 0.0578125 0.121875
12 0.528125 0.1859375 0.0546875 0.12578125
7 0.1015625 0.409375 0.0515625 0.084375
7 0.1 0.546875 0.05234375 0.08359375
7 0.10078125 0.67421875 0.05078125 0.084375
7 0.1 0.79609375 0.04921875 0.078125
9 0.509375 0.7765625 0.053125 0.1203125
9 0.5609375 0.58515625 0.05546875 0.121875
9 0.56015625 0.43046875 0.05625 0.12578125
9 0.69296875 0.42890625 0.053125 0.1234375
9 0.69296875 0.5875 0.053125 0.121875
9 0.84296875 0.36953125 0.05546875 0.12421875
12 0.84453125 0.215625 0.05625 0.12265625