14 0.1140625 0.11875 0.03203125 0.14921875
15 0.02421875 0.3203125 0.0375 0.14609375
12 0.24609375 0.18671875 0.07109375 0.1734375
12 0.37890625 0.18515625 0.05546875 0.17578125
9 0.4 0.44765625 0.05546875 0.17265625
9 0.125 0.7359375 0.075 0.1765625
9 0.24921875 0.7390625 0.0828125 0.17890625
9 0.42265625 0.74375 0.0578125 0.1890625
9 0.6 0.7359375 0.08046875 0.18203125
9 0.76796875 0.73828125 0.06171875 0.18046875
9 0.59609375 0.4515625 0.084375 0.18359375
9 0.89375 0.73671875 0.0578125 0.17109375
12 0.6421875 0.1859375 0.06484375 0.184375
12 0.77578125 0.184375 0.05625 0.16875
14 0.9171875 0.1203125 0.04296875 0.15234375