4 0.21640625 0.1265625 0.05703125 0.0828125
4 0.27421875 0.121875 0.05234375 0.0765625
4 0.33046875 0.1234375 0.05625 0.0765625
7 0.3859375 0.1234375 0.0546875 0.071875
4 0.60703125 0.125 0.05625 0.07421875
9 0.5203125 0.3234375 0.05 0.05625
4 0.2265625 0.440625 0.05234375 0.07578125
4 0.28203125 0.43984375 0.0546875 0.07578125
4 0.3359375 0.440625 0.04921875 0.07265625
7 0.39453125 0.4421875 0.0546875 0.08125
12 0.52421875 0.46796875 0.053125 0.06328125
4 0.62265625 0.43984375 0.05390625 0.08046875
9 0.52109375 0.62265625 0.05546875 0.0625
9 0.44453125 0.903125 0.053125 0.05546875
12 0.56953125 0.90390625 0.05390625 0.05703125
4 0.67734375 0.43828125 0.053125 0.07265625
4 0.73359375 0.44140625 0.05390625 0.0765625
7 0.796875 0.43984375 0.05546875 0.0765625
12 0.8640625 0.46328125 0.053125 0.0609375
9 0.86328125 0.64296875 0.0515625 0.06171875
9 0.8609375 0.32421875 0.0546875 0.05546875
12 0.86484375 0.1484375 0.053125 0.06015625
4 0.6640625 0.1234375 0.0515625 0.07421875
4 0.71875 0.12265625 0.05078125 0.0703125
7 0.7765625 0.12265625 0.05546875 0.06953125
12 0.52265625 0.1453125 0.0578125 0.0640625