2 0.02734375 0.09765625 0.025 0.0703125
14 0.103125 0.1078125 0.025 0.06953125
14 0.27890625 0.1078125 0.028125 0.0703125
2 0.3796875 0.09609375 0.02734375 0.06796875
9 0.11953125 0.215625 0.04609375 0.07421875
9 0.26484375 0.215625 0.04375 0.0703125
2 0.22890625 0.29609375 0.025 0.07265625
2 0.1484375 0.29609375 0.02734375 0.07109375
2 0.5984375 0.09609375 0.03046875 0.075
9 0.0875 0.4015625 0.04453125 0.0703125
9 0.2953125 0.40234375 0.04609375 0.07421875
14 0.38828125 0.903125 0.03125 0.075
9 0.43984375 0.80390625 0.04609375 0.07421875
6 0.4578125 0.6375 0.01875 0.0703125
2 0.3890625 0.55859375 0.0265625 0.065625
12 0.44140625 0.46171875 0.04296875 0.0734375
14 0.68203125 0.1078125 0.02890625 0.0703125
14 0.8609375 0.1078125 0.025 0.075
2 0.94453125 0.08671875 0.02578125 0.07578125
9 0.7 0.2125 0.04375 0.0671875
9 0.84453125 0.2171875 0.0421875 0.0703125
2 0.725 0.29453125 0.02734375 0.0671875
2 0.8078125 0.29375 0.02734375 0.071875
9 0.6671875 0.403125 0.04296875 0.071875
9 0.875 0.40234375 0.0453125 0.07578125