12 0.2765625 0.1671875 0.04609375 0.15234375
9 0.24296875 0.50546875 0.0484375 0.13203125
12 0.43359375 0.16328125 0.0578125 0.15703125
15 0.12578125 0.6765625 0.02734375 0.12890625
15 0.22265625 0.7703125 0.034375 0.12734375
15 0.340625 0.75625 0.04921875 0.12890625
9 0.4734375 0.50234375 0.05 0.15
2 0.934375 0.490625 0.0265625 0.12890625
9 0.77421875 0.51015625 0.04765625 0.1484375
15 0.6828125 0.68046875 0.03515625 0.1359375
2 0.67890625 0.32734375 0.075 0.07421875
12 0.7703125 0.1625 0.06015625 0.15625
15 0.03046875 0.4734375 0.04375 0.15234375