12 0.253125 0.3109375 0.0390625 0.08046875
12 0.33515625 0.309375 0.040625 0.084375
12 0.44921875 0.3109375 0.040625 0.084375
9 0.25234375 0.61015625 0.03828125 0.07890625
2 0.328125 0.6328125 0.02265625 0.07109375
9 0.42109375 0.61015625 0.04375 0.0796875
9 0.48046875 0.63125 0.0390625 0.0796875
12 0.57109375 0.37578125 0.04375 0.084375
2 0.55390625 0.6328125 0.0234375 0.0703125
9 0.62421875 0.58671875 0.04140625 0.07890625
9 0.675 0.75 0.0453125 0.078125
9 0.73515625 0.590625 0.04375 0.0796875
9 0.675 0.46953125 0.0421875 0.08671875
12 0.73515625 0.33671875 0.0390625 0.078125
12 0.79609375 0.3390625 0.0421875 0.08125
9 0.84140625 0.4671875 0.03828125 0.078125
9 0.8109375 0.590625 0.040625 0.0859375