12 0.09375 0.18828125 0.0546875 0.11875
12 0.2609375 0.17734375 0.0484375 0.1171875
12 0.3875 0.18515625 0.04921875 0.12265625
12 0.58125 0.1828125 0.05 0.11484375
12 0.7484375 0.1828125 0.05234375 0.1078125
12 0.3859375 0.3765625 0.04921875 0.109375
12 0.09609375 0.37734375 0.05 0.1078125
12 0.5796875 0.38671875 0.0578125 0.121875
9 0.096875 0.59921875 0.0515625 0.10390625
9 0.3859375 0.596875 0.05625 0.11015625
9 0.58046875 0.6015625 0.05546875 0.109375
12 0.8921875 0.18828125 0.0546875 0.1328125
12 0.89296875 0.38359375 0.0578125 0.12265625
9 0.89296875 0.596875 0.05625 0.103125
9 0.5828125 0.821875 0.05703125 0.11015625
9 0.74609375 0.8359375 0.05859375 0.11875
9 0.89453125 0.82890625 0.05859375 0.10703125
9 0.38671875 0.8265625 0.05546875 0.11328125
9 0.26015625 0.825 0.04921875 0.11015625
3 0.76640625 0.9046875 0.02421875 0.06875
3 0.91484375 0.90703125 0.03046875 0.08359375
3 0.590625 0.903125 0.04609375 0.0921875
3 0.4 0.90390625 0.04375 0.0875
3 0.27265625 0.90703125 0.04140625 0.090625
9 0.09453125 0.82890625 0.053125 0.1109375
3 0.125 0.9125 0.05390625 0.0984375
16 0.12109375 0.0859375 0.06484375 0.06015625
16 0.28359375 0.08125 0.07421875 0.06328125
16 0.41640625 0.08984375 0.07421875 0.06640625
16 0.6046875 0.1 0.07578125 0.07421875
16 0.76640625 0.08828125 0.06640625 0.0765625
16 0.915625 0.090625 0.06640625 0.084375