12 0.18984375 0.1828125 0.07109375 0.1359375
9 0.1859375 0.3765625 0.0671875 0.13359375
12 0.47421875 0.17890625 0.08203125 0.13515625
12 0.47109375 0.3734375 0.0765625 0.13828125
12 0.18828125 0.66015625 0.071875 0.13203125
9 0.18671875 0.85 0.06953125 0.134375
9 0.475 0.8484375 0.075 0.12734375
9 0.4703125 0.65859375 0.0796875 0.1375
9 0.746875 0.6625 0.07890625 0.13359375
9 0.74921875 0.8515625 0.0734375 0.13671875
12 0.75 0.37265625 0.07421875 0.13984375
12 0.74609375 0.18203125 0.08359375 0.13125